===========================================
netlist N4
	(4, 1, 1) (4, 1, 2) z 1
23134 1 1 +1
23134 1 2 +1
	(4, 1, 2) (2, 1, 2) x -2
23133 1 2 +1
23132 1 2 +1
	(2, 1, 2) (2, 1, 1) z -1
23132 1 1 +1
	(2, 1, 1) (2, 2, 1) y 1
23132 2 1 +1
===========================================
netlist N3
	(2, 2, 1) (2, 2, 2) z 1
23132 2 1 +1
23132 2 2 +1
	(2, 2, 2) (2, 2, 3) z 1
23132 2 3 +1
	(2, 2, 2) (5, 2, 2) x 3
23133 2 2 +1
23134 2 2 +1
23135 2 2 +1
	(2, 2, 3) (2, 4, 3) y 2
23132 3 3 +1
23132 4 3 +1
	(2, 4, 3) (2, 4, 1) z -2
23132 4 2 +1
23132 4 1 +1
===========================================
netlist N5
	(2, 2, 1) (2, 2, 2) z 1
23132 2 1 +1
23132 2 2 +1
	(2, 2, 2) (5, 2, 2) x 3
23133 2 2 +1
23134 2 2 +1
23135 2 2 +1
	(5, 2, 2) (5, 2, 1) z -1
23135 2 1 +1
===========================================
netlist N1
	(4, 1, 1) (4, 1, 3) z 2
23134 1 1 +1
23134 1 2 +1
23134 1 3 +1
	(4, 1, 3) (4, 3, 3) y 2
23134 2 3 +1
23134 3 3 +1
	(4, 3, 3) (4, 4, 3) y 1
23134 4 3 +1
	(4, 3, 3) (4, 3, 2) z -1
23134 3 2 +1
	(4, 4, 3) (4, 4, 1) z -2
23134 4 2 +1
23134 4 1 +1
	(4, 3, 2) (1, 3, 2) x -3
23133 3 2 +1
23132 3 2 +1
23131 3 2 +1
	(1, 3, 2) (1, 3, 3) z 1
23131 3 3 +1
	(1, 3, 3) (1, 2, 3) y -1
23131 2 3 +1
	(1, 2, 3) (1, 2, 2) z -1
23131 2 2 +1
	(1, 2, 2) (2, 2, 2) x 1
23132 2 2 +1
	(2, 2, 2) (2, 2, 1) z -1
23132 2 1 +1
===========================================
netlist N6
	(2, 4, 1) (2, 4, 2) z 1
23132 4 1 +1
23132 4 2 +1
	(2, 4, 2) (1, 4, 2) x -1
23131 4 2 +1
	(1, 4, 2) (1, 4, 1) z -1
23131 4 1 +1
	(1, 4, 1) (1, 5, 1) y 1
23131 5 1 +1
	(1, 5, 1) (1, 5, 2) z 1
23131 5 2 +1
	(1, 5, 2) (3, 5, 2) x 2
23132 5 2 +1
23133 5 2 +1
	(3, 5, 2) (3, 5, 1) z -1
23133 5 1 +1
===========================================
netlist N2
	(5, 2, 1) (5, 3, 1) y 1
23135 2 1 +1
23135 3 1 +1
	(5, 3, 1) (5, 3, 2) z 1
23135 3 2 +1
	(5, 3, 2) (4, 3, 2) x -1
23134 3 2 +1
	(4, 3, 2) (4, 3, 3) z 1
23134 3 3 +1
	(4, 3, 3) (4, 4, 3) y 1
23134 4 3 +1
	(4, 4, 3) (4, 4, 1) z -2
23134 4 2 +1
23134 4 1 +1
	(4, 4, 1) (4, 5, 1) y 1
23134 5 1 +1
	(4, 5, 1) (4, 5, 2) z 1
23134 5 2 +1
	(4, 5, 2) (3, 5, 2) x -1
23133 5 2 +1
	(3, 5, 2) (3, 5, 1) z -1
23133 5 1 +1
	(3, 5, 1) (3, 4, 1) y -1
23133 4 1 +1
	(3, 4, 1) (3, 4, 2) z 1
23133 4 2 +1
	(3, 4, 2) (2, 4, 2) x -1
23132 4 2 +1
	(2, 4, 2) (2, 4, 1) z -1
23132 4 1 +1
======================
Layer 0
0 0 0 1 1 
1 9 0 3 0 
0 0 0 1 4 
4 0 0 2 1 
0 2 1 0 0 
======================
Layer 1
0 1 1 1 1 
1 5 1 3 1 
1 2 1 1 4 
4 2 2 2 1 
0 2 1 0 0 
======================
Layer 2
0 1 1 0 0 
0 1 1 1 0 
0 0 0 0 0 
1 1 2 2 0 
0 0 0 0 0 
======================
